# Real captured scenario: sample1_real.txt
MAP 20 10
0 0 0 0 0 0 0 0 0 0 0 0 0 0 0 0 0 0 0 0
0 0 0 0 0 0 0 2 0 0 0 0 0 0 0 0 0 0 2 0
0 0 0 0 2 0 0 0 0 0 0 0 0 0 0 0 1 0 0 0
0 1 0 2 1 0 0 1 0 0 0 0 2 0 0 1 0 0 0 0
0 2 1 0 1 1 0 0 0 0 0 0 0 0 0 0 0 0 0 0
0 0 0 0 0 0 0 0 0 0 0 0 0 0 1 1 0 1 2 0
0 0 0 0 1 0 0 2 0 0 0 0 1 0 0 1 2 0 1 0
0 0 0 1 0 0 0 0 0 0 0 0 0 0 0 2 0 0 0 0
0 2 0 0 0 0 0 0 0 0 0 0 2 0 0 0 0 0 0 0
0 0 0 0 0 0 0 0 0 0 0 0 0 0 0 0 0 0 0 0

AGENTS
1 0 0 2
2 0 0 6
3 0 0 0
4 1 19 7
5 1 19 3
6 1 19 9
